admin-no-iMac:DataStructures admin$ ./selection 10 0
  0  47 131 218 458 532 678 679 755 934 
 counter = 45

admin-no-iMac:DataStructures admin$ ./selection 50 0
  0   7  34  47  47  53  66  72  91 131 218 247 262 272 328 365 383 383 415 417 436 458 519 526 529 532 588 631 632 651 653 671 678 679 686 701 722 736 753 755 756 762 830 846 884 910 930 934 982 991 
 counter = 1225

admin-no-iMac:DataStructures admin$ ./selection 100 0
  0   7  15  34  47  47  50  53  60  66  72  73  90  91 125 131 166 218 233 237 247 262 266 269 272 274 277 306 319 328 351 359 365 383 383 384 412 415 415 417 436 458 464 477 486 493 500 504 513 516 519 526 529 529 532 588 591 629 631 632 651 653 671 678 679 686 688 701 722 725 736 736 753 755 756 761 762 766 770 827 830 841 845 846 868 884 888 897 904 909 910 913 930 934 940 947 982 986 991 999 
 counter = 4950

admin-no-iMac:DataStructures admin$ ./selection 10 3
  0   1   2   3   4   5   6   7   8   9 
 counter = 45

admin-no-iMac:DataStructures admin$ ./selection 50 3
  0   1   2   3   4   5   6   7   8   9  10  11  12  13  14  15  16  17  18  19  20  21  22  23  24  25  26  27  28  29  30  31  32  33  34  35  36  37  38  39  40  41  42  43  44  45  46  47  48  49 
 counter = 1225

admin-no-iMac:DataStructures admin$ ./selection 100 3
  0   1   2   3   4   5   6   7   8   9  10  11  12  13  14  15  16  17  18  19  20  21  22  23  24  25  26  27  28  29  30  31  32  33  34  35  36  37  38  39  40  41  42  43  44  45  46  47  48  49  50  51  52  53  54  55  56  57  58  59  60  61  62  63  64  65  66  67  68  69  70  71  72  73  74  75  76  77  78  79  80  81  82  83  84  85  86  87  88  89  90  91  92  93  94  95  96  97  98  99 
 counter = 4950